Solution 1
-------------------------
| 4 1 6 | 2 3 9 | 5 8 7 |
| 5 2 8 | 4 7 6 | 1 3 9 |
| 7 3 9 | 8 5 1 | 2 6 4 |
-------------------------
| 6 5 3 | 9 8 7 | 4 1 2 |
| 8 7 4 | 1 6 2 | 3 9 5 |
| 2 9 1 | 3 4 5 | 8 7 6 |
-------------------------
| 9 4 2 | 7 1 8 | 6 5 3 |
| 3 8 5 | 6 9 4 | 7 2 1 |
| 1 6 7 | 5 2 3 | 9 4 8 |
-------------------------

Solution 2
-------------------------
| 4 1 6 | 2 3 9 | 5 8 7 |
| 5 2 8 | 4 7 6 | 1 3 9 |
| 7 3 9 | 8 5 1 | 2 6 4 |
-------------------------
| 6 5 3 | 9 8 7 | 4 1 2 |
| 8 7 4 | 1 6 2 | 3 9 5 |
| 2 9 1 | 3 4 5 | 8 7 6 |
-------------------------
| 9 4 5 | 7 1 8 | 6 2 3 |
| 3 8 2 | 6 9 4 | 7 5 1 |
| 1 6 7 | 5 2 3 | 9 4 8 |
-------------------------

Solution 3
-------------------------
| 4 1 6 | 2 3 9 | 5 8 7 |
| 5 8 2 | 4 7 6 | 1 3 9 |
| 7 3 9 | 8 5 1 | 2 6 4 |
-------------------------
| 6 5 3 | 9 8 7 | 4 1 2 |
| 8 7 4 | 1 6 2 | 3 9 5 |
| 2 9 1 | 3 4 5 | 8 7 6 |
-------------------------
| 9 4 5 | 7 1 8 | 6 2 3 |
| 3 2 8 | 6 9 4 | 7 5 1 |
| 1 6 7 | 5 2 3 | 9 4 8 |
-------------------------

Solution 4
-------------------------
| 4 1 6 | 2 3 9 | 7 5 8 |
| 5 8 2 | 4 7 6 | 1 3 9 |
| 7 3 9 | 8 5 1 | 2 6 4 |
-------------------------
| 6 5 3 | 9 8 7 | 4 1 2 |
| 8 7 4 | 1 6 2 | 3 9 5 |
| 2 9 1 | 3 4 5 | 8 7 6 |
-------------------------
| 9 4 5 | 7 1 8 | 6 2 3 |
| 3 2 7 | 6 9 4 | 5 8 1 |
| 1 6 8 | 5 2 3 | 9 4 7 |
-------------------------

Solution 5
-------------------------
| 4 8 6 | 2 3 9 | 1 5 7 |
| 5 1 2 | 4 7 6 | 9 3 8 |
| 7 3 9 | 8 5 1 | 2 6 4 |
-------------------------
| 6 5 3 | 9 8 7 | 4 1 2 |
| 8 7 4 | 1 6 2 | 3 9 5 |
| 2 9 1 | 3 4 5 | 8 7 6 |
-------------------------
| 9 4 5 | 7 1 8 | 6 2 3 |
| 3 2 7 | 6 9 4 | 5 8 1 |
| 1 6 8 | 5 2 3 | 7 4 9 |
-------------------------

Solution 6
-------------------------
| 4 8 6 | 2 3 9 | 5 1 7 |
| 5 1 2 | 4 7 6 | 9 3 8 |
| 7 3 9 | 8 5 1 | 2 6 4 |
-------------------------
| 6 5 3 | 9 8 7 | 1 4 2 |
| 8 7 4 | 1 6 2 | 3 9 5 |
| 2 9 1 | 3 4 5 | 8 7 6 |
-------------------------
| 9 4 5 | 7 1 8 | 6 2 3 |
| 3 2 8 | 6 9 4 | 7 5 1 |
| 1 6 7 | 5 2 3 | 4 8 9 |
-------------------------

Time:  0.009999752044677734s
